name <- c("EKA_HendersonCenter","Loleta","WestEnd","FOR_North")
lat <- c(40.768460,40.664089,40.885970,40.600869)
lon <- c(-124.158576,-124.257822,-124.031425,-124.136831)
hard.code.coords <- data.frame(name=name,lat=lat,lon=lon,stringsAsFactors=FALSE)